Variable	20.87%	15.43%	12.73%	11.70%	10.64%	9.89%	9.65%	9.09%	
group_1_sample_1_SRR11811019_SE	-0.453853	0.120232	-0.0529446	0.288679	0.219197	-0.0671394	-0.639462	0.333333	group_1_sample_1_SRR11811019_SE
group_1_sample_2_SRR11811020_SE	-0.485272	0.0922683	-0.252289	0.0719963	-0.559936	-0.0684828	0.48533	0.333333	group_1_sample_2_SRR11811020_SE
group_1_sample_3_SRR11811021_SE	-0.34359	0.15234	0.0440697	-0.0629645	0.517623	0.267168	0.245614	0.333333	group_1_sample_3_SRR11811021_SE
group_2_sample_1_SRR11811022_SE	0.354172	-0.306019	-0.506319	0.0489963	0.342334	0.295434	0.228726	0.333333	group_2_sample_1_SRR11811022_SE
group_2_sample_2_SRR11811023_SE	0.207247	-0.272575	-0.344541	-0.00102686	-0.399511	0.03398	-0.435872	0.333333	group_2_sample_2_SRR11811023_SE
group_2_sample_3_SRR11811024_SE	0.466831	0.507786	0.0459071	0.407151	0.0633509	-0.462347	0.139915	0.333333	group_2_sample_3_SRR11811024_SE
group_3_sample_1_SRR11811025_SE	0.230745	0.41598	0.341854	-0.330883	-0.259135	0.56009	-0.130679	0.333333	group_3_sample_1_SRR11811025_SE
group_3_sample_2_SRR11811026_SE	-0.00589374	-0.128144	0.066084	-0.730993	0.137114	-0.550872	-0.0195864	0.333333	group_3_sample_2_SRR11811026_SE
group_3_sample_3_SRR11811027_SE	0.0296134	-0.581869	0.658178	0.309044	-0.0610363	-0.00783229	0.126015	0.333333	group_3_sample_3_SRR11811027_SE
